0.005159560062282298
0.01163664857165015
0.022581620655093202
0.03490145788730575
0.049502219843423345
0.05038953974929292
0.060995342681485466
0.07829097038171487
0.08920684612934082
0.09908896944774861
0.1041492110780925
0.11971586028991839
0.12859281209154408
0.1374162709663615
0.14458749199422294
0.1574650498617595
0.16862765953475312
0.1744289848239331
0.4114629700417646
0.15634666196244498
0.4628214811660434
0.25111058131313335
0.9016987359940478
0.47212599085899876
0.17117954015903938
0.7356201310757973
1.0001428905505738
0.17364083233215824
0.7910544754364107
0.20472575161357656
0.8484369786298868
0.3366765503684359
1.0865834492328188
0.9154281862572484
0.51883702078023
0.3178301451012312
0.42833098726905405
0.5001793535222266
0.8077434397488856
0.1382540429653414
0.937571307151188
0.7857873170327256
0.5717385591698116
0.8207824035024405
0.698102701964975
0.4457493160648681
1.0046639926676055
0.6759463657711579
1.065082898151515
0.25565721344390835
0.9355813764777136
0.7624526173613854
0.7314265573115655
0.8796042055434423
0.009202500432882782
0.01843401327028982
0.025334251169240082
0.033649742012155905
0.041983458129960655
0.05810827053426855
0.06156058006600921
0.07452680158899853
0.08148715971215931
0.0993733300192828
0.10266891385636323
0.1163202413624263
0.12476083825603852
0.1383651034261955
0.14239418350184233
0.15806779171202284
0.1614153471216101
0.17410301949401796
