0.0021840623510011713
0.03664733938674468
0.063816291572958
0.09301043119837799
0.1285419868330085
0.15465387635466418
0.1877656193715852
0.21637718588892416
0.24082125382873762
0.2767638278311239
0.30827053211561356
0.3341427053955667
0.3663186610053955
0.3938424665831426
0.42535881027838274
0.453280725797593
0.48701478880646043
0.5149463767667342
0.5404600376879539
0.5710328134559679
0.6001775593601195
0.6394587863181658
0.6614509191554431
0.6938256783939803
0.7272281978400641
0.7574158470606378
0.786538667929182
0.8185233354062339
0.8468471206826381
0.876499145332649
0.9050840166770808
0.9376296568367888
0.9642890630787494
0.99515266175997
1.026703179273058
1.057550983409495
1.086690527316676
1.1190431634504758
1.1424728521868288
1.1722648207136868
1.2025945261760238
1.2310883367221925
1.2609966647006132
1.2960250923962986
1.3210845622288336
1.3572774308120397
1.3833863730097886
1.4188317465288565
1.4490881316284272
1.47621240737273
0.5405510614187983
1.0313806771380623
0.6082388702161221
0.9466675517446597
1.269751490451565
0.32637267446559587
0.9046978785993574
0.32329428408332134
0.5996720706087981
0.700049171498123
1.0097114354017762
0.31123738842864385
0.3291302150292455
1.1015980188147907
0.5378891534929924
1.0171587348869455
1.250039236012351
0.5061288558224919
0.3409646417756958
0.6824791590188797
0.7893856482455688
0.4237926956180477
0.6219190425314918
0.3889677500265802
0.8685539506572597
0.9975359702471343
0.6944666774817345
0.8596528684895406
1.1313075652490645
1.0792693248498444
0.6956833590453186
0.9289665141034533
0.7825607399427938
0.6323561468058947
1.1962257700139616
0.7538864113906063
1.175217188522593
0.3174228215586003
0.6539032336605337
0.41187681184101105
0.726738827522639
0.8621587629142258
0.6050720796771052
0.608154973681359
0.3149831452627732
0.9685087936952332
1.2296279078775585
0.8834568311237343
0.3428273735923372
0.9966596213832923
0.0014993233929329153
0.032826137586630055
0.06302399409693318
0.09611660609744178
0.12023254566687488
0.1505720682246657
0.18601380017907354
0.21213217376999988
0.24717804955026523
0.27916474502535443
0.3016459084930875
0.33246209628435114
0.36723427011734416
0.39149683430407506
0.4216663800859493
0.45551206228863816
0.4816254537392078
0.5146689243519976
0.5443846074804719
0.5721154976980026
